[gd_scene load_steps=9 format=3 uid="uid://c5ab6vdr0wgk"]

[ext_resource type="PlaneMesh" uid="uid://c2bqq66xkt7nq" path="res://mesh/new_plane_mesh.tres" id="1_g6y00"]
[ext_resource type="PackedScene" uid="uid://dukuul1riothq" path="res://scenes/wall.tscn" id="2_m8r4y"]
[ext_resource type="PackedScene" uid="uid://caol08ojad40o" path="res://scenes/door.tscn" id="3_d730n"]
[ext_resource type="PackedScene" uid="uid://ba7lcugkmo23v" path="res://scenes/shotgun.tscn" id="5_f8x45"]
[ext_resource type="PackedScene" uid="uid://cbyqth8s4xbhf" path="res://scenes/wall_light.tscn" id="6_crryb"]
[ext_resource type="PackedScene" uid="uid://bbo0ghkyivt3d" path="res://scenes/abandoned_mansion_bedroom.tscn" id="7_iu6pg"]

[sub_resource type="WorldBoundaryShape3D" id="WorldBoundaryShape3D_2yet2"]

[sub_resource type="BoxMesh" id="BoxMesh_dsjma"]

[node name="mansion2" type="StaticBody3D"]

[node name="CollisionShape3D" type="CollisionShape3D" parent="."]
transform = Transform3D(5, 0, 0, 0, 5, 0, 0, 0, 5, 0, 0, -49.9308)
shape = SubResource("WorldBoundaryShape3D_2yet2")

[node name="floor" type="MeshInstance3D" parent="."]
transform = Transform3D(50, 0, 0, 0, 50, 0, 0, 0, 50, -0.093815, -0.45, -50.0106)
mesh = ExtResource("1_g6y00")

[node name="inside_wall2" parent="." instance=ExtResource("2_m8r4y")]
transform = Transform3D(1, 0, 0, 0, 1, 0, 0, 0, 1, -46.8353, 0, -19.7823)

[node name="wall" parent="inside_wall2" instance=ExtResource("2_m8r4y")]
transform = Transform3D(1, 0, 0, 0, 1, 0, 0, 0, 1, 10, 0, 0)

[node name="wall2" parent="inside_wall2" instance=ExtResource("2_m8r4y")]
transform = Transform3D(1, 0, 0, 0, 1, 0, 0, 0, 1, 20, 0, 0)

[node name="wall3" parent="inside_wall2" instance=ExtResource("2_m8r4y")]
transform = Transform3D(1, 0, 0, 0, 1, 0, 0, 0, 1, 30, 0, 0)

[node name="shotgun" parent="." instance=ExtResource("5_f8x45")]
transform = Transform3D(-0.777585, 0, 0.628778, 0, 1, 0, -0.628778, 0, -0.777585, -7.93605, 0, -2.74434)

[node name="MeshInstance3D" type="MeshInstance3D" parent="."]
transform = Transform3D(-0.777146, -0.629321, -2.75085e-08, 0, -4.37114e-08, 1, -0.629321, 0.777146, 3.39701e-08, -7.93337, 3.36487, -2.78135)
mesh = SubResource("BoxMesh_dsjma")
skeleton = NodePath("SpotLight3D")

[node name="SpotLight3D" type="SpotLight3D" parent="MeshInstance3D"]
transform = Transform3D(1, 0, 0, 0, 1, 0, 0, 0, 1, 0, 0, -0.303228)
light_color = Color(0, 0.72549, 0.823529, 1)
light_energy = 2.143
spot_range = 5.28161
spot_angle = 35.4254

[node name="SpotLight3D2" type="SpotLight3D" parent="."]
transform = Transform3D(0.766044, 0.111619, 0.633023, 0, 0.984808, -0.173648, -0.642788, 0.133022, 0.754406, 2.39123, -1.04253, 2.46227)
light_color = Color(0.929412, 0.529412, 0.203922, 1)
light_energy = 2.143
spot_range = 7.71849
spot_angle = 35.9245

[node name="SpotLight3D3" type="SpotLight3D" parent="."]
transform = Transform3D(0.766044, 0.111619, 0.633022, 0, 0.984808, -0.173648, -0.642788, 0.133022, 0.754407, -0.126914, -0.0532565, -14.6773)
light_color = Color(0.929412, 0.529412, 0.203922, 1)
light_energy = 2.143
spot_range = 7.71849
spot_angle = 35.9245

[node name="SpotLight3D4" type="SpotLight3D" parent="."]
transform = Transform3D(-0.240418, -0.970081, -0.0337954, -0.209491, 0.0178598, 0.977647, -0.947794, 0.242124, -0.207517, -5.89824, 4.50334, -12.1669)
light_color = Color(0.929412, 0.529412, 0.203922, 1)
light_energy = 2.143
spot_range = 7.71849
spot_angle = 35.9245

[node name="wall_light" parent="." instance=ExtResource("6_crryb")]
transform = Transform3D(1, 0, 0, 0, 1, 0, 0, 0, 1, -30.8397, 2.54076, -19.7866)

[node name="wall_light2" parent="." instance=ExtResource("6_crryb")]
transform = Transform3D(1, 0, 0, 0, 1, 0, 0, 0, 1, -26.4023, 2.54076, -19.7866)

[node name="wall_light3" parent="." instance=ExtResource("6_crryb")]
transform = Transform3D(1, 0, 0, 0, 1, 0, 0, 0, 1, -22.4237, 2.54076, -19.7866)

[node name="abandoned_mansion_bedroom" parent="." instance=ExtResource("7_iu6pg")]
transform = Transform3D(-0.00897969, 0, -1.49997, 0, 1.5, 0, 1.49997, 0, -0.00897969, -6.48385, -0.410166, -9.00024)

[node name="door" parent="." instance=ExtResource("3_d730n")]
transform = Transform3D(2.2, 0, 9.31323e-10, 0, 2, 0, -1.02445e-09, 0, 2, -2.51231, -0.469554, -0.074279)
